5 4
1.6
8.669 0.119 10.953 2.650
0.348 11.929 10.568 0.244
6.213 3.556 3.683 10.364
25.542 15.977 10.573 3.757
6.740 2.590 1.322 12.676
0.027 8.155 3.698 3.276
13.187 8.931 16.088 2.432
0.956 13.457 5.353 5.281
8.826 4.466 5.280 8.070
10.128 8.805 2.110 11.221
8.087 10.566 6.949 19.982
13.755 12.931 13.503 5.832
7.395 10.223 4.206 7.779
10.782 18.090 2.004 2.948
16.115 12.241 11.944 2.981
6.998 13.784 0.175 0.990
19.098 7.743 2.726 3.389
10.167 8.304 4.139 26.055
12.681 8.148 10.269 14.237
2.288 3.110 6.000 0.954
5.688 1.914 4.106 11.537
3.305 6.693 7.412 9.061
7.532 9.462 0.947 1.339
5.085 9.723 6.272 11.725
5.980 2.836 11.810 29.718
17.400 18.480 30.195 0.536
18.162 4.505 2.012 0.236
8.451 16.372 0.770 9.958
0.599 4.233 5.241 18.358
16.949 7.907 6.045 9.405
7.764 3.574 9.136 1.941
11.430 5.648 25.623 10.600
17.587 5.218 0.069 6.412
0.513 1.913 5.394 16.067
2.538 0.410 17.298 4.913
8.329 1.016 28.471 6.764
11.780 1.416 2.894 10.973
19.937 2.228 4.496 0.286
13.461 3.141 6.636 5.535
7.277 13.891 8.582 5.443
20.111 29.415 0.596 1.904
11.040 12.234 3.618 7.665
9.342 6.364 13.400 19.573
14.944 4.150 17.198 4.291
13.135 3.117 0.396 5.086
2.763 12.522 13.546 6.998
8.766 10.250 30.544 9.653
3.900 11.313 21.307 28.601
7.698 0.386 1.973 30.356
6.824 8.037 7.955 14.579
1.446 0.713 3.093 3.331
11.695 2.267 3.418 1.385
2.963 0.487 2.301 7.272
0.550 14.549 0.504 2.508
16.234 9.978 7.021 12.025
6.740 11.353 10.301 12.755
0.146 18.331 6.123 2.658
4.889 7.923 0.707 3.361
4.698 14.875 0.854 2.580
3.361 5.423 25.528 3.617
15.950 11.223 12.490 9.291
1.988 4.278 11.587 1.014
2.500 28.906 11.061 20.648
5.904 12.543 4.111 11.464
21.161 12.162 12.152 9.751
11.486 13.163 7.931 3.433
8.006 4.304 12.296 4.587
3.012 1.117 1.186 13.248
2.822 16.333 15.432 1.812
1.520 5.867 7.669 0.293
2.994 5.499 4.077 6.469
2.858 3.940 5.151 2.646
9.499 7.662 1.491 4.500
0.339 3.090 3.481 0.123
2.771 4.233 1.576 2.464
9.488 2.959 12.940 12.054
2.127 11.168 0.952 6.392
16.543 0.575 14.865 8.489
1.535 17.556 1.506 14.891
7.669 4.937 16.284 2.841
22.483 0.632 14.145 13.002
2.846 13.598 10.366 5.655
6.777 7.340 2.564 0.909
3.158 2.334 10.882 4.995
9.358 34.702 6.885 1.341
10.926 22.465 0.599 10.951
7.337 6.770 9.313 4.532
14.935 18.062 6.582 4.058
7.138 0.366 19.746 5.653
3.818 7.672 6.463 8.781
0.165 3.605 2.358 21.803
16.733 0.104 1.762 4.207
8.145 13.412 8.901 5.557
4.889 5.274 6.740 14.631
17.711 3.416 5.770 24.709
4.654 4.285 1.302 4.058
3.292 4.139 5.525 5.648
8.928 6.258 2.237 13.100
7.207 3.374 14.528 10.374
10.699 7.506 8.197 3.829
1.731 12.605 2.800 0.420
5.582 17.358 9.290 5.753
10.560 6.915 6.462 7.000
2.287 7.012 3.145 4.694
2.453 1.230 10.359 6.371
2.057 2.011 6.438 8.406
12.209 4.508 5.286 17.025
2.396 4.304 0.407 5.959
5.975 15.096 0.872 8.894
16.298 9.259 18.034 12.382
17.595 3.379 7.331 9.724
2.187 2.413 11.053 1.819
2.521 2.316 12.898 0.391
13.881 1.512 17.808 16.055
3.599 2.921 5.528 0.957
17.544 9.912 10.075 9.024
8.887 1.661 3.439 10.535
7.960 11.054 5.690 5.838
15.933 1.720 3.564 1.374
7.414 8.144 7.512 6.201
6.628 8.027 3.509 4.669
8.830 6.284 9.005 3.461
6.794 0.568 7.276 13.259
20.279 1.186 5.457 14.926
6.974 0.205 8.725 7.952
6.702 14.369 10.230 11.435
8.371 21.707 2.223 5.642
9.685 9.194 1.807 12.316
11.544 3.638 4.389 1.506
3.626 15.478 1.418 0.192
15.083 5.221 11.261 6.400
0.388 20.143 8.689 8.511
18.616 12.319 16.218 10.709
6.663 8.439 12.595 7.766
3.123 3.114 1.144 0.869
4.704 5.537 2.347 7.084
13.886 0.997 0.142 0.953
13.015 10.925 14.946 4.373
3.915 1.728 17.880 16.677
1.439 15.460 9.585 3.233
1.560 11.789 7.907 3.634
3.321 2.995 15.548 9.375
15.533 10.638 13.365 2.657
0.611 21.552 17.290 17.892
1.126 9.285 0.252 15.079
7.227 1.643 9.674 9.723
1.968 5.202 17.652 1.379
6.032 0.085 9.449 1.782
3.856 10.227 21.808 5.773
0.997 5.395 14.821 17.422
7.549 21.957 3.611 10.123
1.195 8.709 4.286 9.165
10.771 5.299 6.699 0.001
9.978 1.355 0.337 4.675
5.300 12.505 9.241 17.404
16.136 3.792 6.366 20.604
10.239 3.952 2.347 9.401
4.851 9.431 3.624 19.041
1.405 18.445 5.653 10.042
2.027 1.221 12.055 8.146
7.804 11.879 12.467 6.968
6.294 9.203 1.412 8.208
14.799 0.833 8.392 9.036
6.007 7.937 2.344 2.410
1.906 4.783 10.494 4.285
4.056 4.155 15.234 12.527
13.727 5.705 4.745 5.837
4.429 11.403 0.583 0.353
10.815 6.205 6.260 6.368
2.179 11.560 8.898 4.940
14.433 2.483 12.233 14.510
2.383 8.381 20.040 6.608
3.962 13.207 7.098 5.065
10.459 3.840 2.878 10.249
12.765 9.707 8.593 3.763
3.763 17.080 1.667 8.948
5.274 0.164 22.292 10.994
2.703 5.552 16.289 15.131
7.501 11.841 11.956 3.068
0.338 6.762 4.684 7.575
14.990 0.634 19.624 2.782
9.535 0.254 9.210 3.115
3.011 12.476 3.899 16.172
12.370 13.943 12.520 1.143
1.091 7.665 5.705 19.188
0.669 6.885 5.412 7.402
3.711 15.484 7.679 10.131
6.984 6.733 0.381 3.283
23.264 13.204 5.156 10.976
11.798 4.076 17.998 5.888
2.425 4.962 5.212 3.576
0.402 9.551 6.311 8.632
15.388 8.196 12.435 14.487
20.896 4.602 2.076 13.372
13.128 8.969 4.416 14.901
10.780 16.679 18.487 20.227
11.537 3.566 2.139 12.199
23.528 20.809 6.266 5.367
5.499 26.267 3.004 10.923
14.342 6.562 9.331 9.340
0.689 6.478 6.276 10.282
1.679 4.871 4.635 13.582
6.231 5.526 12.687 6.583
15.214 12.887 6.064 8.796
4.323 9.194 0.977 6.048
17.836 0.132 1.096 0.367
3.703 8.834 2.786 8.659
1.637 6.674 7.584 9.339
7.010 12.803 13.832 16.745
3.231 18.504 3.492 4.458
13.563 16.425 21.182 6.880
16.714 15.497 19.167 9.050
6.801 0.503 16.572 1.714
3.151 10.067 9.305 7.134
1.194 9.877 1.185 3.134
2.859 3.003 6.590 10.197
8.780 6.043 10.813 7.820
11.746 7.999 11.088 0.352
5.344 3.164 16.490 1.637
14.092 7.693 16.394 16.362
11.694 18.170 16.115 5.260
3.892 2.209 2.257 15.686
14.549 14.650 8.606 26.101
12.419 0.765 4.147 3.411
4.496 3.217 7.516 18.543
12.218 3.471 15.341 2.131
13.647 3.291 6.388 1.654
5.147 5.095 14.207 1.398
4.345 8.535 2.696 14.745
4.141 10.075 4.066 9.174
8.183 5.916 0.540 9.344
5.449 22.861 9.100 9.651
4.653 1.383 5.804 6.903
1.052 0.018 3.162 0.107
25.535 8.700 6.689 9.610
26.498 10.578 7.367 4.096
17.611 1.714 6.834 7.815
6.169 1.096 22.182 16.101
6.098 20.767 11.028 5.063
7.359 12.788 6.558 3.899
17.847 13.412 16.596 14.486
2.154 0.271 0.905 1.950
2.014 13.911 8.532 24.613
0.328 1.378 28.381 5.959
5.528 11.445 10.479 7.345
1.099 15.449 10.185 6.658
7.869 16.448 0.274 2.833
1.383 10.545 5.966 1.917
2.325 6.645 5.585 1.498
25.955 9.854 5.571 8.990
8.077 3.973 15.445 8.205
1.358 14.964 3.334 5.611
4.891 4.968 3.903 9.142
12.540 3.343 17.892 2.598
0.663 0.964 10.359 1.136
3.654 7.066 8.074 2.245
19.829 20.152 8.750 0.020
8.643 2.449 2.762 5.900
5.679 11.042 15.223 16.266
14.420 13.598 8.283 1.224
13.137 2.657 2.926 12.943
11.776 0.409 0.043 4.027
2.154 3.606 6.621 16.236
18.112 0.973 9.781 4.339
8.547 3.678 19.170 14.587
13.248 5.411 1.125 7.691
3.736 10.070 5.061 22.244
21.817 8.604 6.840 5.771
0.455 17.169 6.504 11.685
9.879 4.125 5.497 10.152
6.367 11.555 3.207 22.491
6.525 7.819 6.570 8.000
4.167 10.919 4.173 8.523
0.721 5.605 10.791 7.551
2.739 13.920 5.091 0.114
11.588 7.120 14.481 3.156
7.382 7.250 0.060 5.360
3.780 13.476 4.743 20.133
6.918 4.452 6.585 41.584
3.113 9.329 4.981 3.076
0.717 8.779 4.216 0.674
0.820 10.956 6.546 11.984
22.016 11.706 6.998 9.603
14.138 17.946 2.655 6.552
0.274 1.799 11.468 22.455
12.619 3.900 1.536 5.681
1.315 10.111 10.591 17.892
7.531 10.687 18.596 12.823
15.613 5.552 17.492 15.227
2.357 10.132 21.678 10.250
2.127 9.839 4.160 2.056
9.011 0.981 3.761 8.257
2.066 0.042 7.853 3.172
7.598 5.325 22.470 8.907
0.270 3.230 5.078 1.500
2.449 8.073 1.189 1.809
3.064 3.501 0.348 1.267
4.999 2.398 5.038 5.199
3.457 8.683 11.943 0.504
8.729 7.914 12.637 19.195
2.197 2.820 4.091 16.846
0.813 28.409 9.589 1.317
3.127 7.636 3.414 8.514
5.902 6.207 10.552 10.917
9.041 3.052 14.813 5.464
10.527 9.935 8.303 5.951
2.919 27.062 3.529 5.297
2.956 11.470 8.304 13.274
17.343 1.821 17.212 4.907
3.503 8.297 1.186 11.109
1.796 1.763 10.262 4.859
20.568 4.638 12.342 0.848
1.710 15.647 12.597 7.916
0.805 3.566 4.558 26.133
18.681 2.194 8.284 7.241
5.522 4.299 6.291 2.643
3.204 1.093 13.148 0.379
9.388 5.479 0.944 11.524
3.193 16.104 9.645 15.288
14.798 15.371 10.410 15.261
1.206 12.777 3.442 13.397
3.396 10.014 11.980 7.942
1.344 11.111 5.025 14.085
8.040 6.009 15.734 4.019
4.258 4.821 9.902 5.104
6.662 10.213 2.647 8.171
9.729 0.889 23.276 4.588
4.434 5.756 16.437 7.246
1.734 10.381 20.490 0.468
14.423 4.319 22.351 3.352
15.040 1.442 24.944 20.055
2.449 14.788 10.207 11.969
4.418 26.955 2.355 9.815
18.600 4.346 21.351 7.914
18.412 17.190 10.501 6.698
3.553 2.959 3.300 19.157
8.475 7.507 16.030 11.609
0.739 18.277 1.396 9.850
21.335 1.463 18.700 2.073
7.845 1.233 16.460 4.134
2.668 7.493 10.764 4.941
2.398 5.254 6.942 4.566
3.344 5.155 6.629 2.857
1.082 1.544 10.961 8.712
13.320 2.229 17.385 1.415
11.486 12.420 9.331 6.528
8.547 15.049 15.439 14.311
3.706 1.898 14.461 9.608
11.295 17.607 5.981 3.620
1.676 1.063 8.431 0.342
20.003 21.481 0.946 8.442
1.716 2.909 1.372 0.939
10.863 8.231 3.875 3.413
8.232 11.431 9.587 8.758
10.229 22.912 24.704 2.397
1.249 6.131 6.189 1.257
5.461 2.968 8.465 14.595
0.264 2.839 4.965 13.662
0.505 6.255 10.328 11.098
5.103 1.471 4.495 7.707
2.560 20.346 7.900 30.728
2.925 15.544 18.739 1.551
5.138 8.315 1.933 0.860
8.711 10.721 21.641 6.543
9.348 7.715 12.908 4.353
4.545 0.947 20.330 1.490
7.347 3.440 8.187 1.777
4.946 1.222 3.169 21.807
8.389 10.386 3.500 19.240
11.815 7.554 11.157 14.743
20.207 2.549 24.912 5.164
6.810 6.390 10.811 4.929
9.831 8.045 0.622 28.320
11.682 1.100 16.894 1.914
5.655 2.701 8.193 9.696
14.535 1.448 0.408 5.920
26.053 12.811 0.575 25.913
7.178 15.219 5.513 5.787
10.028 8.718 4.494 3.839
12.858 4.943 0.841 0.760
5.854 2.263 6.277 10.648
5.834 8.969 16.828 12.380
2.681 0.075 15.163 3.147
7.096 9.369 0.563 1.141
13.897 10.598 6.568 7.099
8.965 5.057 8.441 15.604
2.604 9.515 7.846 6.822
20.947 1.453 2.079 11.402
24.474 2.491 26.553 10.691
7.369 9.890 0.280 8.295
10.346 4.596 17.720 6.887
3.519 1.462 19.223 2.163
10.363 14.441 1.818 10.429
4.557 2.642 10.681 4.454
10.756 11.228 8.981 0.877
4.299 7.650 6.185 6.953
4.236 15.045 7.814 10.223
16.911 2.995 7.916 2.158
17.651 0.049 2.712 4.467
9.317 1.434 10.506 4.150
9.070 3.950 1.130 11.721
1.292 10.354 1.508 21.724
10.551 12.605 14.058 6.135
1.690 8.488 15.475 9.110
2.383 2.683 0.701 19.694
15.034 0.941 2.191 17.529
16.787 17.215 7.947 14.816
4.872 17.823 13.560 3.245
7.600 1.829 2.226 3.676
1.494 22.569 3.490 2.628
2.955 0.303 2.086 3.546
2.240 4.413 16.261 6.645
4.396 4.601 9.152 7.614
17.912 17.002 13.699 0.740
4.852 14.757 14.619 8.926
5.084 8.007 10.065 8.431
7.521 7.803 21.665 18.246
4.036 6.991 17.017 1.024
3.919 4.814 6.962 4.288
14.707 9.748 10.725 12.714
2.697 0.247 5.254 14.674
22.257 0.600 11.491 12.723
0.823 6.333 6.629 10.807
7.311 4.590 9.396 13.491
5.848 13.298 6.584 2.718
11.248 10.625 12.620 1.563
14.168 9.146 1.736 2.307
13.831 0.812 26.547 12.960
11.961 5.032 3.805 0.091
20.150 7.886 6.489 16.608
21.143 0.608 24.029 10.301
5.689 8.355 4.343 5.064
13.288 9.195 2.232 1.294
1.995 1.012 14.967 7.457
11.626 6.920 19.153 4.449
4.288 22.137 1.347 27.592
7.180 2.573 3.366 13.625
10.180 1.818 15.614 3.686
2.673 17.371 7.800 19.777
5.819 2.060 20.730 1.297
19.923 17.681 4.423 0.437
7.252 3.849 9.273 3.084
5.570 13.537 9.812 8.721
8.907 25.205 8.262 22.675
1.115 7.355 0.915 17.422
0.503 10.208 0.338 21.550
16.751 7.499 8.623 3.509
11.140 5.385 2.007 9.644
16.150 17.575 11.991 5.554
5.353 9.660 10.949 0.431
5.668 6.803 3.717 3.042
4.658 10.755 7.105 2.311
19.916 6.299 5.501 3.213
13.213 5.478 2.984 11.195
0.928 0.288 13.826 6.620
1.687 1.104 3.125 3.408
7.015 5.722 6.213 2.296
1.026 13.699 8.764 5.454
4.257 8.101 2.297 0.133
14.406 19.881 9.162 11.584
6.081 2.501 8.428 5.467
4.133 25.205 7.626 14.173
5.101 6.382 3.432 12.826
7.042 9.540 6.152 8.235
9.274 0.116 16.710 0.875
6.988 15.050 21.090 10.484
16.059 4.672 0.189 1.249
4.330 4.097 2.402 19.078
3.224 2.866 0.219 2.030
0.582 4.609 0.465 2.155
12.591 10.747 6.328 2.794
8.483 10.957 2.960 6.551
7.084 3.850 12.850 3.938
3.472 16.363 8.640 6.751
2.181 6.063 0.841 3.619
6.996 3.350 4.876 18.640
3.379 7.730 9.689 3.349
8.926 8.449 9.115 9.424
11.240 3.499 1.288 2.270
2.365 3.389 1.400 7.212
0.277 19.602 5.349 7.635
13.154 1.623 3.591 3.408
11.551 1.245 1.691 1.003
1.831 13.572 8.293 6.328
12.430 11.523 0.657 3.306
2.732 1.861 4.483 4.485
0.782 7.062 18.287 8.955
9.048 5.200 4.454 8.614
5.372 5.512 6.837 13.215
23.224 2.430 10.713 4.108
1.003 9.326 9.562 2.351
0.309 8.500 1.141 3.606
22.010 4.784 1.848 3.612
4.057 8.794 13.951 9.052
5.694 9.314 2.692 15.762
9.051 8.427 3.465 0.862
3.833 0.370 3.848 3.955
3.312 21.449 3.128 4.811
1.804 1.840 8.884 17.336
2.914 1.126 4.687 0.611
16.355 12.190 6.074 8.503
6.027 6.291 4.406 10.785
6.387 4.771 7.620 13.529
0.521 0.810 10.057 13.726
15.868 8.602 0.467 12.181
6.879 3.286 7.431 6.917
4.372 8.886 6.583 1.013
2.247 1.463 3.819 9.815
15.741 8.918 0.656 0.509
5.595 10.945 3.785 2.807
14.171 11.363 7.945 1.210
16.971 14.077 9.994 5.612
15.047 17.432 15.889 10.582
4.838 14.096 8.669 2.637
10.967 3.226 21.074 15.316
8.815 4.074 3.687 20.960
5.585 18.570 3.726 5.742
4.213 25.626 4.353 3.794
12.298 19.755 11.086 5.891
3.545 8.558 3.238 10.415
14.425 3.349 7.763 0.285
20.879 0.356 6.072 0.510
3.123 14.178 2.067 13.675
3.936 16.533 8.008 1.531
8.601 7.151 2.851 2.730
2.559 10.418 10.480 15.182
2.861 17.020 4.267 13.159
20.243 15.523 1.345 2.556
0.034 19.013 23.535 3.958
5.124 15.213 7.163 22.865
20.630 4.213 14.462 7.621
12.994 0.936 11.708 1.158
8.842 2.465 11.811 11.443
2.592 3.763 8.024 9.999
5.160 5.379 3.160 0.058
0.828 0.558 12.015 24.146
15.298 10.080 16.092 15.708
9.317 11.168 5.696 12.282
4.196 10.379 1.800 1.739
15.150 3.867 3.086 11.390
3.223 6.198 8.289 1.809
1.481 1.923 2.835 9.610
9.958 8.402 15.547 1.343
8.711 7.366 9.373 7.015
8.599 8.641 9.965 9.609
3.949 6.131 5.299 5.075
1.640 4.914 24.707 0.327
6.381 2.625 6.137 29.616
5.777 8.667 22.561 5.028
4.427 1.438 0.456 7.104
13.579 2.359 16.126 0.395
9.580 12.338 4.315 14.813
4.090 3.055 13.903 2.390
10.576 1.962 0.940 2.144
1.108 10.742 1.206 8.345
1.322 17.403 11.110 13.392
1.381 1.957 15.272 7.567
8.120 6.069 1.140 4.793
18.233 22.581 7.035 9.713
10.906 6.548 25.876 8.271
1.172 7.040 8.951 10.357
16.528 3.848 1.394 10.901
38.658 1.138 22.100 3.038
0.793 5.259 0.922 0.432
4.753 14.745 20.667 15.543
0.587 14.831 0.117 5.402
21.171 12.400 14.312 1.016
11.886 4.946 2.155 7.265
2.794 3.767 13.930 3.165
12.097 13.182 12.834 10.698
7.323 6.047 2.735 8.953
10.069 16.942 2.290 2.481
2.532 8.529 3.115 21.215
10.933 2.120 4.783 2.944
4.315 12.340 0.793 7.060
11.227 7.998 4.950 7.380
11.740 4.160 16.040 4.745
6.402 8.114 11.872 8.933
14.699 6.658 0.180 1.911
12.005 20.390 11.190 0.871
1.434 11.525 8.129 4.928
1.976 24.415 5.116 17.737
11.494 4.370 9.175 5.359
29.166 13.870 2.697 6.538
0.495 17.843 7.131 5.595
9.686 6.940 0.085 0.624
3.139 14.290 2.365 4.913
9.443 3.644 11.418 4.539
3.429 11.216 6.845 3.262
2.446 16.338 5.377 11.022
12.456 0.794 3.250 11.962
6.142 2.557 8.582 4.853
4.526 18.028 15.634 6.870
12.426 3.971 10.534 2.933
6.601 8.781 8.018 2.629
3.331 2.264 9.343 8.778
17.651 6.559 13.640 14.468
22.017 6.463 1.434 13.391
10.325 8.527 0.129 11.745
1.609 10.635 4.321 5.902
7.157 5.712 1.090 14.506
8.702 11.386 2.294 16.437
6.972 6.829 14.332 8.184
3.238 14.761 13.378 4.753
2.252 13.501 11.928 0.917
11.959 8.466 18.698 1.258
8.872 9.674 13.391 5.786
4.472 5.579 10.432 5.704
28.167 6.548 13.881 2.229
1.529 12.410 3.104 4.114
7.120 15.649 16.720 5.102
3.017 7.916 7.041 16.394
3.446 12.991 17.365 3.274
5.387 6.835 13.092 0.520
6.902 12.520 9.503 14.690
13.311 15.378 0.265 5.272
0.259 11.040 9.978 3.685
13.788 8.093 15.811 6.678
11.609 6.750 1.803 14.377
0.215 9.318 8.691 0.639
6.508 5.149 10.056 10.400
22.566 13.780 3.732 22.204
10.792 6.086 3.326 6.632
11.535 12.263 0.062 11.117
3.602 7.697 8.402 17.060
13.424 7.690 7.211 15.448
8.178 13.143 4.234 5.345
7.201 2.448 10.309 6.968
11.340 20.630 6.440 8.506
11.933 1.221 0.559 10.792
3.396 10.450 1.819 2.457
16.676 3.442 6.944 0.732
1.799 26.443 9.828 0.876
0.723 25.962 8.668 8.632
12.831 2.045 2.086 14.091
17.539 8.014 13.816 5.652
10.411 23.577 4.198 7.071
14.539 6.075 0.271 8.162
3.251 4.255 8.479 14.933
3.544 14.562 2.072 5.110
1.709 11.466 16.697 9.830
2.611 7.085 1.786 1.818
6.956 15.831 14.407 7.332
5.645 3.857 13.574 23.133
12.604 0.013 11.110 3.876
3.279 2.041 17.653 21.739
10.201 13.595 21.598 14.883
19.809 8.769 4.613 4.286
21.920 14.892 17.802 0.950
11.064 4.378 9.806 2.165
5.714 5.367 3.652 0.419
3.544 1.164 14.117 1.345
1.859 2.247 4.260 13.784
4.481 2.056 21.781 18.051
7.473 0.275 10.323 3.373
34.279 14.011 3.534 8.297
7.475 7.300 10.076 3.980
3.768 1.348 4.171 11.372
24.482 8.487 7.454 11.935
8.781 20.499 3.420 15.893
11.377 15.027 2.433 6.135
6.021 2.340 4.988 13.837
1.412 11.192 4.155 0.865
1.218 0.913 12.537 13.578
16.403 14.173 16.008 7.863
1.588 20.932 8.899 6.731
5.574 10.041 7.253 31.934
7.267 3.725 2.008 9.962
9.779 15.937 3.370 3.258
1.135 2.433 9.575 17.385
27.857 8.377 10.468 11.552
8.299 20.123 4.612 20.360
0.127 13.895 6.846 2.842
3.069 7.209 7.729 11.786
13.450 9.199 8.955 4.395
8.867 17.098 3.526 4.085
3.667 3.045 1.928 15.772
2.213 10.575 12.102 10.654
3.861 8.387 9.455 17.385
4.199 6.225 2.378 7.449
20.944 1.831 1.200 0.464
0.544 5.540 28.407 0.900
2.950 14.695 6.973 9.881
20.644 24.886 8.897 13.085
19.669 0.920 11.169 3.087
4.612 1.261 13.343 7.138
0.479 14.460 5.927 6.600
11.819 2.385 2.151 3.056
3.660 0.654 0.443 4.958
2.672 7.294 22.265 5.649
18.649 1.474 2.490 2.258
1.120 0.922 3.985 4.470
5.126 9.017 5.714 4.380
4.528 8.868 1.221 9.411
7.258 12.762 5.940 11.800
24.102 2.575 2.538 5.303
16.230 3.483 6.644 6.968
2.310 10.506 11.241 14.048
0.892 5.836 3.535 7.073
0.306 1.385 17.935 9.216
1.364 8.493 13.920 11.094
6.228 8.693 8.369 1.317
6.795 2.938 6.946 18.194
2.546 17.832 18.959 3.518
4.626 12.758 6.654 0.574
18.567 6.287 0.416 12.179
8.776 21.911 4.169 14.771
13.103 8.488 1.349 13.751
9.522 1.491 24.874 3.730
13.788 10.170 7.084 10.306
14.827 2.899 12.090 25.001
11.544 10.581 11.390 8.021
19.601 2.811 11.554 3.043
6.922 16.814 2.215 2.105
8.138 14.260 8.236 5.091
3.089 12.587 21.949 12.191
17.870 4.987 2.698 7.757
1.020 12.736 3.857 12.706
4.232 10.495 9.646 16.962
4.611 3.850 10.561 17.907
9.032 6.259 20.213 11.220
9.653 2.707 0.874 2.983
1.614 2.509 0.790 1.241
14.377 2.509 2.308 5.828
11.942 3.243 0.560 7.198
3.744 16.777 1.176 2.810
4.890 1.507 5.641 1.579
5.227 0.360 9.896 0.610
7.570 4.679 8.993 6.001
0.159 4.240 10.589 11.376
7.835 3.349 1.703 11.039
11.206 5.269 3.090 2.371
6.468 12.379 6.046 4.605
8.250 0.553 6.187 0.117
1.881 6.507 26.744 3.537
7.446 0.107 2.996 10.193
12.456 7.464 15.760 14.973
1.849 3.526 10.654 19.599
3.607 13.754 10.123 4.635
3.280 5.309 7.502 3.142
2.804 0.023 9.383 2.048
1.493 26.991 0.326 13.540
8.468 9.986 7.322 10.532
3.217 11.588 10.718 4.666
1.409 1.257 15.108 0.279
15.578 4.259 1.571 14.317
13.692 11.263 11.511 1.072
0.706 3.112 4.995 7.102
5.307 8.507 0.547 4.254
13.162 15.953 7.691 3.328
1.824 7.366 11.479 17.031
0.333 6.618 4.894 7.216
0.138 2.339 1.290 7.866
15.094 19.119 2.224 3.632
5.947 0.874 5.939 11.655
3.920 10.820 9.689 8.443
1.485 0.253 11.179 5.944
3.762 5.675 19.654 7.044
9.683 6.324 13.104 19.159
0.007 20.486 1.113 8.393
0.910 4.415 1.059 0.049
4.292 2.962 24.997 20.653
24.520 9.944 1.982 8.438
5.002 9.710 8.770 14.911
5.521 9.539 7.521 2.290
14.233 9.314 4.604 4.937
0.630 9.087 0.192 9.533
10.233 9.406 4.000 4.560
0.821 11.597 4.118 10.280
2.434 11.235 2.535 1.202
3.886 15.283 4.852 3.495
9.834 1.191 4.093 8.328
7.955 3.615 10.840 8.431
9.295 4.365 1.494 5.887
5.973 1.793 0.463 5.709
20.618 8.842 13.275 4.001
6.955 6.763 0.458 6.985
13.379 0.845 5.072 0.453
3.426 1.576 3.699 1.291
8.667 1.055 8.538 2.367
12.961 7.339 3.905 0.474
8.361 7.205 11.199 5.080
2.078 23.860 12.574 4.967
13.340 1.504 8.541 6.256
7.162 13.935 19.552 6.627
0.265 7.045 11.039 1.505
9.017 9.612 9.695 3.672
9.315 2.569 0.239 20.559
8.391 5.038 6.049 15.053
8.426 9.443 0.905 7.436
6.722 5.932 10.920 13.125
1.178 6.688 1.666 1.035
1.856 22.378 16.834 14.571
1.560 0.557 13.951 9.139
12.544 6.126 6.202 16.862
16.517 5.402 4.544 0.991
8.892 10.517 0.485 1.407
12.016 9.582 20.792 7.003
1.687 8.524 0.521 1.615
0.810 4.342 10.241 0.531
0.551 7.454 2.789 12.492
1.781 11.587 0.022 2.915
10.645 8.242 20.528 14.320
0.812 9.648 6.284 4.829
5.208 7.544 0.927 7.891
7.108 6.399 0.324 8.083
7.857 5.943 4.817 1.345
4.808 3.739 3.375 16.131
2.054 9.386 20.496 9.547
4.576 1.670 8.800 11.161
14.565 0.502 1.869 3.407
3.376 18.218 5.454 4.539
3.839 8.244 0.645 15.601
18.520 6.248 5.675 13.341
3.636 12.349 6.790 11.128
3.692 6.923 20.153 6.305
6.445 11.350 7.843 13.597
3.372 4.056 2.224 19.504
4.940 13.537 9.484 8.067
6.439 5.570 8.100 1.148
6.050 12.889 16.378 15.296
5.982 15.115 5.542 9.585
5.318 4.456 20.785 8.429
10.907 3.637 13.518 7.563
24.113 10.500 16.484 6.373
9.070 10.782 8.896 7.691
10.763 1.676 1.017 11.268
12.916 3.422 17.987 2.118
7.829 5.349 2.447 4.997
2.376 14.089 6.267 18.073
8.537 18.040 1.781 1.976
4.582 8.783 3.667 4.995
6.057 2.143 0.636 3.409
2.164 5.112 9.859 1.927
0.432 3.090 20.696 3.434
2.010 0.506 6.601 5.370
15.217 15.049 32.250 1.303
5.060 9.932 12.072 2.459
13.980 16.360 3.801 1.358
13.904 7.309 2.588 17.621
10.448 2.870 3.259 12.889
4.296 10.581 4.034 9.799
1.286 5.749 0.775 12.676
10.086 7.188 3.514 10.180
2.460 9.992 1.581 3.537
6.747 4.072 4.498 10.893
4.048 6.636 5.601 1.165
8.022 6.784 3.533 5.071
17.695 0.923 4.220 15.053
1.007 1.358 11.436 16.767
6.745 8.904 7.756 2.592
7.114 10.880 8.473 4.061
8.205 7.714 2.043 0.560
4.533 9.903 20.129 1.090
23.748 5.410 3.526 2.236
11.666 18.163 2.021 2.412
4.611 9.742 9.898 2.302
13.574 3.362 1.503 21.731
10.764 1.760 2.433 12.835
4.631 9.921 6.523 0.916
16.321 9.229 6.100 3.519
2.675 1.442 0.285 1.793
13.063 10.311 5.313 20.013
19.716 13.126 4.009 8.543
5.590 9.598 7.503 6.866
5.056 13.693 2.810 1.164
0.459 2.534 7.120 1.179
5.526 2.232 6.827 19.005
7.176 8.597 4.618 4.951
2.730 19.330 12.414 8.208
1.035 2.408 7.486 10.597
8.802 8.190 4.854 8.873
7.180 0.747 2.240 21.765
17.522 4.439 0.614 12.518
12.413 6.938 0.587 2.999
10.613 16.973 0.633 19.888
0.639 7.599 8.726 11.564
1.641 0.678 14.832 6.168
12.288 15.742 10.750 8.836
7.827 14.100 5.403 4.765
12.631 5.572 19.060 21.043
27.638 17.487 22.447 2.319
4.764 7.776 7.275 10.371
1.575 9.884 3.659 18.618
1.586 2.580 1.755 4.331
10.594 2.132 9.174 7.682
14.757 1.823 7.752 13.883
3.166 1.744 0.006 5.496
1.889 10.807 20.684 16.603
1.769 3.598 1.585 9.790
5.378 11.911 17.810 8.573
9.214 1.060 1.344 14.487
3.542 20.046 1.535 26.653
6.867 3.497 3.151 8.038
2.758 8.918 2.101 4.663
6.574 13.522 1.651 14.088
5.425 15.920 16.559 19.459
20.018 5.639 6.817 2.323
5.856 13.211 25.473 2.370
8.236 21.884 9.459 10.898
23.125 17.551 3.007 2.406
3.865 25.931 2.494 9.758
18.241 14.370 10.913 11.470
11.368 3.281 2.272 0.535
0.095 24.609 4.440 9.068
7.031 0.854 11.822 6.371
27.384 3.820 21.637 6.871
10.971 0.074 11.021 22.949
11.702 2.231 2.823 4.682
10.053 14.095 0.354 19.077
4.172 6.154 2.308 6.618
3.722 11.898 7.811 8.553
1.612 8.766 3.213 0.144
1.972 7.024 9.910 15.835
8.943 4.070 10.560 3.864
23.215 9.202 6.244 3.981
0.792 6.946 4.506 10.228
3.601 13.129 12.679 10.211
3.070 4.465 5.234 11.864
10.098 18.484 25.554 10.553
5.663 14.128 0.221 0.094
6.457 9.188 0.883 7.285
8.005 1.833 2.205 9.880
17.175 6.620 12.787 31.378
1.419 2.939 4.774 7.692
2.455 4.888 0.171 9.970
6.515 13.194 11.533 1.345
5.151 3.033 1.951 3.432
7.032 7.942 14.806 24.489
11.734 1.539 3.522 9.049
2.213 9.744 15.142 5.822
2.848 11.002 0.783 11.328
1.784 4.039 10.032 4.754
3.838 9.597 9.257 0.049
14.321 10.198 4.960 7.155
0.587 2.534 16.938 4.742
17.143 14.747 17.381 3.485
0.686 12.982 5.823 4.991
8.233 2.796 3.073 15.116
1.461 2.223 3.411 2.389
2.178 14.763 2.282 17.253
9.078 17.140 3.698 3.785
5.017 8.123 1.572 4.183
2.563 21.137 8.389 10.248
4.260 0.256 7.880 1.795
5.965 1.497 0.640 18.244
27.768 5.309 11.450 19.865
8.520 6.789 5.534 2.152
4.064 7.462 1.528 5.999
8.964 8.156 0.076 2.461
5.908 9.443 20.342 6.341
10.781 0.894 13.027 1.410
11.815 24.885 6.544 13.732
14.894 3.472 13.190 7.760
1.885 14.754 10.417 8.537
6.275 0.264 7.230 9.822
23.780 4.652 4.050 9.110
2.521 10.441 6.919 0.667
4.930 7.385 5.638 1.835
0.013 2.092 21.119 6.144
1.100 8.304 7.935 16.750
3.588 8.886 2.434 1.501
8.682 22.223 14.870 4.042
15.865 6.710 6.079 17.993
5.133 10.052 8.924 10.832
12.036 12.444 0.327 11.848
12.294 8.487 11.927 2.171
0.574 22.982 2.945 7.933
7.539 16.104 1.768 4.695
15.631 8.622 4.188 3.406
19.093 1.203 5.184 4.231
0.685 10.948 3.307 9.021
2.256 9.797 9.543 11.990
6.901 7.443 4.504 18.395
5.385 9.223 7.292 16.710
0.777 8.318 16.173 5.655
12.887 5.804 14.879 2.338
10.958 11.193 12.177 5.921
0.874 8.813 3.524 11.238
9.809 3.973 7.384 9.085
17.418 1.248 7.117 13.089
4.659 10.151 5.765 3.819
8.564 22.799 17.183 6.245
17.205 1.811 7.341 6.067
4.332 4.594 9.279 1.186
9.534 8.144 9.340 12.632
1.714 1.411 20.969 3.272
8.469 6.180 8.576 2.743
9.685 8.188 10.138 11.730
4.665 4.696 6.014 2.860
11.348 10.353 2.604 0.674
21.788 0.736 3.494 8.328
20.598 7.898 10.558 7.852
1.612 4.038 15.309 1.645
5.404 0.021 3.928 4.874
24.074 3.921 2.428 16.321
7.590 1.419 1.373 3.723
5.303 3.587 7.738 6.496
4.052 9.535 0.118 11.130
4.538 6.743 19.181 11.864
7.436 0.121 5.463 14.935
4.889 9.547 18.277 6.000
4.113 12.041 2.243 6.636
0.368 10.593 12.267 7.526
20.244 7.040 17.735 6.585
4.199 5.788 14.913 3.175
17.544 15.015 11.725 13.838
2.931 16.965 0.433 26.199
2.365 1.335 3.942 4.608
2.902 1.484 3.052 6.142
6.804 13.618 6.456 15.948
15.714 6.440 16.108 3.255
1.833 8.084 0.185 0.074
6.335 1.028 22.189 2.880
1.009 2.028 2.730 0.500
2.485 3.081 3.239 1.307
13.541 4.054 2.248 8.947
5.070 2.332 11.879 9.738
3.487 8.807 4.156 0.810
8.864 2.710 10.969 0.913
6.055 2.895 12.268 7.210
2.819 4.753 11.793 2.569
12.670 6.208 7.786 20.911
4.057 1.693 13.448 6.752
24.269 17.017 0.650 17.600
11.476 9.487 5.747 20.312
7.968 9.890 17.044 17.632
2.800 25.695 12.009 25.391
5.575 6.219 0.025 8.714
0.027 7.677 5.516 12.357
17.041 2.428 7.832 17.837
3.760 4.600 7.552 7.836
9.845 2.550 7.152 0.322
21.797 2.881 26.214 2.893
4.059 10.502 13.118 5.902
2.535 1.681 12.962 2.047
3.468 0.645 1.327 1.524
11.779 10.129 19.197 6.247
32.426 9.312 19.204 4.024
5.946 4.979 13.374 7.366
2.075 6.146 12.673 3.843
1.243 9.117 3.348 0.523
10.638 6.925 13.765 0.241
6.337 4.909 8.938 8.489
1.576 2.234 8.210 11.687
13.719 2.645 0.375 2.510
12.695 5.967 1.958 1.057
0.000 3.558 7.553 8.550
3.971 14.573 19.923 3.442
2.469 9.488 2.718 6.236
7.813 3.929 18.502 1.282
12.811 10.618 6.165 5.101
19.207 15.352 16.812 0.617
9.754 8.557 2.031 11.742
9.304 12.034 11.574 12.629
0.200 1.617 12.767 3.173
5.658 6.505 11.036 3.340
6.044 3.767 2.572 9.172
0.067 7.089 4.129 2.319
0.553 2.792 0.273 5.869
3.293 2.743 4.553 12.634
6.246 6.627 3.333 7.125
0.905 19.419 17.052 24.257